2048
0 1
0 2
0 3
0 4
0 5
0 6
0 7
0 8
0 9
0 10
0 11
0 12
0 13
0 14
0 15
0 16
0 17
0 18
0 19
0 20
0 21
0 22
0 23
0 24
0 25
0 26
0 27
0 28
0 29
0 30
0 31
0 32
0 33
0 34
0 35
0 36
0 37
0 38
0 39
0 40
0 41
0 42
0 43
0 44
0 45
0 46
0 47
0 48
0 49
1 2
1 3
1 4
1 5
1 6
1 7
1 8
1 9
1 10
1 11
1 12
1 13
1 14
1 15
1 16
1 17
1 18
1 19
1 20
1 21
1 22
1 23
1 24
1 25
1 26
1 27
1 28
1 29
1 30
1 31
1 32
1 33
1 34
1 35
1 36
1 37
1 38
1 39
1 40
1 41
1 42
1 43
1 44
1 45
1 46
1 47
1 48
1 49
2 3
2 4
2 5
2 6
2 7
2 8
2 9
2 10
2 11
2 12
2 13
2 14
2 15
2 16
2 17
2 18
2 19
2 20
2 21
2 22
2 23
2 24
2 25
2 26
2 27
2 28
2 29
2 30
2 31
2 32
2 33
2 34
2 35
2 36
2 37
2 38
2 39
2 40
2 41
2 42
2 43
2 44
2 45
2 46
2 47
2 48
2 49
3 4
3 5
3 6
3 7
3 8
3 9
3 10
3 11
3 12
3 13
3 14
3 15
3 16
3 17
3 18
3 19
3 20
3 21
3 22
3 23
3 24
3 25
3 26
3 27
3 28
3 29
3 30
3 31
3 32
3 33
3 34
3 35
3 36
3 37
3 38
3 39
3 40
3 41
3 42
3 43
3 44
3 45
3 46
3 47
3 48
3 49
4 5
4 6
4 7
4 8
4 9
4 10
4 11
4 12
4 13
4 14
4 15
4 16
4 17
4 18
4 19
4 20
4 21
4 22
4 23
4 24
4 25
4 26
4 27
4 28
4 29
4 30
4 31
4 32
4 33
4 34
4 35
4 36
4 37
4 38
4 39
4 40
4 41
4 42
4 43
4 44
4 45
4 46
4 47
4 48
4 49
5 6
5 7
5 8
5 9
5 10
5 11
5 12
5 13
5 14
5 15
5 16
5 17
5 18
5 19
5 20
5 21
5 22
5 23
5 24
5 25
5 26
5 27
5 28
5 29
5 30
5 31
5 32
5 33
5 34
5 35
5 36
5 37
5 38
5 39
5 40
5 41
5 42
5 43
5 44
5 45
5 46
5 47
5 48
5 49
6 7
6 8
6 9
6 10
6 11
6 12
6 13
6 14
6 15
6 16
6 17
6 18
6 19
6 20
6 21
6 22
6 23
6 24
6 25
6 26
6 27
6 28
6 29
6 30
6 31
6 32
6 33
6 34
6 35
6 36
6 37
6 38
6 39
6 40
6 41
6 42
6 43
6 44
6 45
6 46
6 47
6 48
6 49
7 8
7 9
7 10
7 11
7 12
7 13
7 14
7 15
7 16
7 17
7 18
7 19
7 20
7 21
7 22
7 23
7 24
7 25
7 26
7 27
7 28
7 29
7 30
7 31
7 32
7 33
7 34
7 35
7 36
7 37
7 38
7 39
7 40
7 41
7 42
7 43
7 44
7 45
7 46
7 47
7 48
7 49
8 9
8 10
8 11
8 12
8 13
8 14
8 15
8 16
8 17
8 18
8 19
8 20
8 21
8 22
8 23
8 24
8 25
8 26
8 27
8 28
8 29
8 30
8 31
8 32
8 33
8 34
8 35
8 36
8 37
8 38
8 39
8 40
8 41
8 42
8 43
8 44
8 45
8 46
8 47
8 48
8 49
9 10
9 11
9 12
9 13
9 14
9 15
9 16
9 17
9 18
9 19
9 20
9 21
9 22
9 23
9 24
9 25
9 26
9 27
9 28
9 29
9 30
9 31
9 32
9 33
9 34
9 35
9 36
9 37
9 38
9 39
9 40
9 41
9 42
9 43
9 44
9 45
9 46
9 47
9 48
9 49
10 11
10 12
10 13
10 14
10 15
10 16
10 17
10 18
10 19
10 20
10 21
10 22
10 23
10 24
10 25
10 26
10 27
10 28
10 29
10 30
10 31
10 32
10 33
10 34
10 35
10 36
10 37
10 38
10 39
10 40
10 41
10 42
10 43
10 44
10 45
10 46
10 47
10 48
10 49
11 12
11 13
11 14
11 15
11 16
11 17
11 18
11 19
11 20
11 21
11 22
11 23
11 24
11 25
11 26
11 27
11 28
11 29
11 30
11 31
11 32
11 33
11 34
11 35
11 36
11 37
11 38
11 39
11 40
11 41
11 42
11 43
11 44
11 45
11 46
11 47
11 48
11 49
12 13
12 14
12 15
12 16
12 17
12 18
12 19
12 20
12 21
12 22
12 23
12 24
12 25
12 26
12 27
12 28
12 29
12 30
12 31
12 32
12 33
12 34
12 35
12 36
12 37
12 38
12 39
12 40
12 41
12 42
12 43
12 44
12 45
12 46
12 47
12 48
12 49
13 14
13 15
13 16
13 17
13 18
13 19
13 20
13 21
13 22
13 23
13 24
13 25
13 26
13 27
13 28
13 29
13 30
13 31
13 32
13 33
13 34
13 35
13 36
13 37
13 38
13 39
13 40
13 41
13 42
13 43
13 44
13 45
13 46
13 47
13 48
13 49
14 15
14 16
14 17
14 18
14 19
14 20
14 21
14 22
14 23
14 24
14 25
14 26
14 27
14 28
14 29
14 30
14 31
14 32
14 33
14 34
14 35
14 36
14 37
14 38
14 39
14 40
14 41
14 42
14 43
14 44
14 45
14 46
14 47
14 48
14 49
15 16
15 17
15 18
15 19
15 20
15 21
15 22
15 23
15 24
15 25
15 26
15 27
15 28
15 29
15 30
15 31
15 32
15 33
15 34
15 35
15 36
15 37
15 38
15 39
15 40
15 41
15 42
15 43
15 44
15 45
15 46
15 47
15 48
15 49
16 17
16 18
16 19
16 20
16 21
16 22
16 23
16 24
16 25
16 26
16 27
16 28
16 29
16 30
16 31
16 32
16 33
16 34
16 35
16 36
16 37
16 38
16 39
16 40
16 41
16 42
16 43
16 44
16 45
16 46
16 47
16 48
16 49
17 18
17 19
17 20
17 21
17 22
17 23
17 24
17 25
17 26
17 27
17 28
17 29
17 30
17 31
17 32
17 33
17 34
17 35
17 36
17 37
17 38
17 39
17 40
17 41
17 42
17 43
17 44
17 45
17 46
17 47
17 48
17 49
18 19
18 20
18 21
18 22
18 23
18 24
18 25
18 26
18 27
18 28
18 29
18 30
18 31
18 32
18 33
18 34
18 35
18 36
18 37
18 38
18 39
18 40
18 41
18 42
18 43
18 44
18 45
18 46
18 47
18 48
18 49
19 20
19 21
19 22
19 23
19 24
19 25
19 26
19 27
19 28
19 29
19 30
19 31
19 32
19 33
19 34
19 35
19 36
19 37
19 38
19 39
19 40
19 41
19 42
19 43
19 44
19 45
19 46
19 47
19 48
19 49
20 21
20 22
20 23
20 24
20 25
20 26
20 27
20 28
20 29
20 30
20 31
20 32
20 33
20 34
20 35
20 36
20 37
20 38
20 39
20 40
20 41
20 42
20 43
20 44
20 45
20 46
20 47
20 48
20 49
21 22
21 23
21 24
21 25
21 26
21 27
21 28
21 29
21 30
21 31
21 32
21 33
21 34
21 35
21 36
21 37
21 38
21 39
21 40
21 41
21 42
21 43
21 44
21 45
21 46
21 47
21 48
21 49
22 23
22 24
22 25
22 26
22 27
22 28
22 29
22 30
22 31
22 32
22 33
22 34
22 35
22 36
22 37
22 38
22 39
22 40
22 41
22 42
22 43
22 44
22 45
22 46
22 47
22 48
22 49
23 24
23 25
23 26
23 27
23 28
23 29
23 30
23 31
23 32
23 33
23 34
23 35
23 36
23 37
23 38
23 39
23 40
23 41
23 42
23 43
23 44
23 45
23 46
23 47
23 48
23 49
24 25
24 26
24 27
24 28
24 29
24 30
24 31
24 32
24 33
24 34
24 35
24 36
24 37
24 38
24 39
24 40
24 41
24 42
24 43
24 44
24 45
24 46
24 47
24 48
24 49
25 26
25 27
25 28
25 29
25 30
25 31
25 32
25 33
25 34
25 35
25 36
25 37
25 38
25 39
25 40
25 41
25 42
25 43
25 44
25 45
25 46
25 47
25 48
25 49
26 27
26 28
26 29
26 30
26 31
26 32
26 33
26 34
26 35
26 36
26 37
26 38
26 39
26 40
26 41
26 42
26 43
26 44
26 45
26 46
26 47
26 48
26 49
27 28
27 29
27 30
27 31
27 32
27 33
27 34
27 35
27 36
27 37
27 38
27 39
27 40
27 41
27 42
27 43
27 44
27 45
27 46
27 47
27 48
27 49
28 29
28 30
28 31
28 32
28 33
28 34
28 35
28 36
28 37
28 38
28 39
28 40
28 41
28 42
28 43
28 44
28 45
28 46
28 47
28 48
28 49
29 30
29 31
29 32
29 33
29 34
29 35
29 36
29 37
29 38
29 39
29 40
29 41
29 42
29 43
29 44
29 45
29 46
29 47
29 48
29 49
30 31
30 32
30 33
30 34
30 35
30 36
30 37
30 38
30 39
30 40
30 41
30 42
30 43
30 44
30 45
30 46
30 47
30 48
30 49
31 32
31 33
31 34
31 35
31 36
31 37
31 38
31 39
31 40
31 41
31 42
31 43
31 44
31 45
31 46
31 47
31 48
31 49
32 33
32 34
32 35
32 36
32 37
32 38
32 39
32 40
32 41
32 42
32 43
32 44
32 45
32 46
32 47
32 48
32 49
33 34
33 35
33 36
33 37
33 38
33 39
33 40
33 41
33 42
33 43
33 44
33 45
33 46
33 47
33 48
33 49
34 35
34 36
34 37
34 38
34 39
34 40
34 41
34 42
34 43
34 44
34 45
34 46
34 47
34 48
34 49
35 36
35 37
35 38
35 39
35 40
35 41
35 42
35 43
35 44
35 45
35 46
35 47
35 48
35 49
36 37
36 38
36 39
36 40
36 41
36 42
36 43
36 44
36 45
36 46
36 47
36 48
36 49
37 38
37 39
37 40
37 41
37 42
37 43
37 44
37 45
37 46
37 47
37 48
37 49
38 39
38 40
38 41
38 42
38 43
38 44
38 45
38 46
38 47
38 48
38 49
39 40
39 41
39 42
39 43
39 44
39 45
39 46
39 47
39 48
39 49
40 41
40 42
40 43
40 44
40 45
40 46
40 47
40 48
40 49
41 42
41 43
41 44
41 45
41 46
41 47
41 48
41 49
42 43
42 44
42 45
42 46
42 47
42 48
42 49
43 44
43 45
43 46
43 47
43 48
43 49
44 45
44 46
44 47
44 48
44 49
45 46
45 47
45 48
45 49
46 47
46 48
46 49
47 48
47 49
48 49
0 2147483647
0 2147483646
0 2147483645
0 2147483644
0 2147483643
1 2147483647
1 2147483646
1 2147483645
1 2147483644
1 2147483643
2 2147483647
2 2147483646
2 2147483645
2 2147483644
2 2147483643
3 2147483647
3 2147483646
3 2147483645
3 2147483644
3 2147483643
4 2147483647
4 2147483646
4 2147483645
4 2147483644
4 2147483643
520211257 969004237
533772321 584470103
262627014 581230655
58821164 569695970
386017188 1007813149
555399149 812116011
201716162 578625306
626269498 630943987
608532087 616401636
432630334 887260400
36811752 956258938
174646655 324249504
647497374 1016505913
44261065 367913483
112994201 751781558
239682325 792205103
638402866 697815915
522673842 900100032
243054526 833324003
73231706 668568865
51300775 1012277927
355629102 522349656
343031015 1038395107
331908760 983423500
260083703 753990161
210289209 470004196
496292833 608934815
272279978 458541703
786647391 929484028
137208899 236101781
945568964 1000832177
39003454 338313763
82084842 663768413
412986338 945649787
302995720 757330582
87261694 971243870
223646732 736529263
19886795 674626100
38045538 202419860
227595727 440571500
737040410 1026526769
11579332 559702024
31863734 850139701
328055490 903705398
433110954 519268146
603799632 990482591
686508937 937576950
519476049 526037871
6785309 566678381
186035120 749664655
629606136 843557965
286399387 304592339
538797482 849124907
560100375 854360644
446784815 542521323
691071253 992996456
490591903 493918282
960942246 965531589
329741391 1006081225
324635025 989210981
6072777 560888806
778189737 1055661773
170018043 974349985
127078218 616623588
623408227 657120606
886034689 931619841
455081373 603497631
66118442 924820789
89608515 1056472262
173163857 644103167
463715138 858708224
150616114 329835116
176167748 864563802
121895683 590792922
122534480 407403109
724991548 740483575
13646199 994370001
265894362 980301634
473683500 538768760
350955200 618825784
80325462 425835629
353987422 501089383
470557070 1033750817
659302387 828591131
147972772 596948289
73564580 161834176
162847418 549716507
993933419 1000501900
602965155 622414430
66109173 987785738
209400611 473382709
96313762 847890834
150085989 617250655
184214442 485987022
483707006 496563962
236842407 1067315235
740379338 860259895
109115726 1021244067
28030460 809353347
74666159 712351741
401039490 440350836
579143778 1013635738
13670231 1039574901
488191974 949373489
305038728 468619620
716306854 781951171
280568656 368450413
368987280 780994733
491584834 760145618
211426308 525647112
950738943 1040111872
105118480 234294497
40643670 858891160
631890427 761921320
966091535 1028463711
21194054 110523388
626940220 855344693
317780098 320369911
95091617 1047222730
39755391 630853405
424430009 728391878
250089799 976261870
172582805 936143590
802299558 1011659430
585469493 689047525
90399655 469687558
427834970 532225249
69600441 88346461
881624704 1066378752
711624692 921202560
939633126 1015355636
189086252 671855267
673669426 689162707
680874737 917792027
222409561 290528228
338396119 647467918
37840377 228314016
728714517 789399791
281737507 354634763
857661816 985168841
5698209 692206100
525117588 726350161
487776155 876977678
264408581 594445888
279136834 456849818
446632149 557580413
148157838 305084894
96139233 1046139578
638931631 668565811
178211299 1049991041
117499695 1019183246
529630265 700918120
88097394 1061308478
234947780 584803568
319707492 745207421
942785304 1049449388
46446791 964177826
923263512 1064888160
331665798 923792942
435755314 462083656
513251918 973826033
189830736 402460990
17488937 123186761
315839667 934090782
293996898 1064151446
32601854 731132611
7514908 652500550
179157975 857682371
47993064 673724031
633969481 843665685
310314274 954853389
403253388 936710579
40813590 507777835
421211568 939012104
137252225 240610272
332856370 995895085
137464421 870798419
165483005 843149254
1034736665 1042471728
838442416 988158454
599166472 1065565081
874360413 897373605
278683014 304835032
161839611 553427066
52105840 622327782
9357032 582892670
637075087 795984199
117411759 204537780
154922 945123125
839054718 1073074361
164469030 297989204
61130198 93363144
313760703 868946129
914711352 973813163
210535948 362984669
569354793 850271968
158860662 855314571
112930117 132610306
178767738 389710750
324532423 415075751
510902716 997322769
257361725 682621067
647317855 787799820
276216315 305928424
89179853 165788464
225526530 733994205
250969093 880269056
265185552 947344462
119756443 471521805
364098425 816791097
387904761 859362500
357104 269397343
49735574 1021697084
190404952 812052678
87735055 853673402
135332339 302989502
435685977 632186509
546269470 627756869
381072569 964717577
646312059 787426611
593021356 924756448
296675785 611026027
197712149 207499133
574560134 972106467
17864036 56831793
189475944 604295627
211751851 681503511
785737586 941366066
41245293 368471649
228073817 793029901
131696508 289875727
526643535 889664588
496881775 943636661
868725054 1001963313
252232567 955868995
513199961 696886533
16274392 97694020
13474715 433865651
701576254 970384758
113150021 611486298
436122991 904107984
596510513 1060876167
872336187 1051183237
587903935 766741432
372037472 623985318
680766375 796122599
533850648 788571533
778358607 948056250
771657128 823867887
163745639 565422421
524837834 970735118
103058446 323093683
250474283 443323592
365918348 789504112
108985453 472056000
229188501 741900239
262298265 742919686
261514231 522710810
642922329 892724193
226469933 415013104
212527487 274028202
137361046 383635097
6639256 651207232
244888552 448784425
364635015 819375171
20331660 908978799
48012623 621797995
90510095 200508028
692756835 1032283870
577320681 1017386490
431860399 770977649
207950829 467855651
721569144 847330729
210923726 810804545
324416219 926725901
721567607 885440946
451484003 1005081884
552255898 574076771
624750117 913428278
60442773 667060094
267371647 742701926
332625708 990950791
102087424 223246541
772750020 871940148
888613499 1021516646
39052097 668613686
129930618 775114666
181757666 827398039
342323529 760639185
188970847 866466929
88601766 449518708
317632019 438470702
943099185 1004686653
703740805 981481954
877884198 884935978
192171781 659545597
407779554 548943987
177176457 512647813
22924945 1072811711
1166205 300296105
926448 20744253
163139563 972432176
694007495 971378719
697877096 909783830
1008343628 1069886429
246679803 484927608
125270646 255134064
271827797 575909053
17510493 757865634
120198738 265214261
277768133 539047312
161513681 704580370
53044638 546084674
565554939 928412743
696943379 973923739
327550923 594135845
283103984 925516255
69180723 688454891
748968677 878834550
885184495 886714134
603544780 789359358
881603014 897280925
435688559 818187121
683101333 1057114863
370716656 899570860
198632235 533796631
179997685 524212902
449194108 633558612
431435167 859576760
714800184 740115835
377867670 438584897
207467993 213466226
208867676 501999332
574731860 973109202
372606006 695133157
425098418 905047752
498932931 993562689
356504394 968384700
868843419 997205204
174097939 641437219
647839136 1015096744
51646271 140959594
336168282 353453035
776709740 937327673
243504632 784060367
616687163 887951700
235484795 1031831650
422165779 697713406
110694969 1013118910
221738126 997559964
177949829 562612779
325105923 331784341
15611522 917614263
633437863 649316955
67229333 188456620
168963775 456052305
711109573 912062522
46763336 557152474
18930053 679539707
106261464 690457943
175386873 557807965
123502371 1064788127
268122801 405421036
473699136 1020570663
116397276 141407407
53480485 854154019
631506556 926201712
198102011 356418841
218425373 259012313
542312762 683594107
234464648 612901459
734172210 855523976
528958384 596831435
474748934 757610117
309329895 443485861
67512700 672495686
339827993 764504404
53607865 111478303
723365439 747401888
662220677 992704683
175163388 391764879
912436230 1023036280
507221773 784914580
134872413 572577007
244290154 719119079
858654431 949327905
68160061 248969273
37002353 905215975
61145866 1072129783
553147377 636466470
451306342 458640959
224381693 755677302
258068430 816820729
19086216 642591826
171192531 513386604
363461232 776813100
351906666 513864579
233856291 482978817
384184381 964092503
53989954 609685193
816271501 1032287705
742238797 926232070
429291673 1038215764
523832645 603343611
422481355 743551589
76449542 273677009
1379536 651422674
169968069 975531316
432712292 967211088
20398739 841054083
731703301 760277001
359513312 512784125
740521206 885945518
615097585 947400413
865636786 1039073817
686073432 988955748
56270193 372670907
236304222 793677659
214691408 440870724
31390057 55455385
783518121 859601714
146815130 305884584
134379318 323301792
403667209 613780497
44721904 632845325
258188219 624414345
329053876 970854853
206249625 481503812
188560127 1045147082
257508638 1032085306
236060055 1046728770
738182809 1012223169
395378093 577164324
172395846 338147658
382415009 903531431
36194097 747448178
648203884 1010248324
903514777 985916340
363997435 640212636
277363589 325590397
372473174 497829479
492728056 673696296
271935723 382431912
962061534 1061189984
211764925 473650768
276475526 617862573
424315846 616931693
224709300 529848064
105256990 756651833
663974764 876690703
40887841 753574482
574002942 742165034
23529844 806786995
122899764 834563090
179859565 225770897
230380934 329838738
192020146 506693848
10547265 528555920
772615094 881839925
518306447 572644077
272083889 561462352
160796224 928669074
45483181 859619233
146827541 329829965
679476123 764179534
101404629 803775407
471864697 538145814
163098435 225016868
341791982 1024354181
843886189 1008759131
729184222 867157346
147561746 390724048
218451359 584772111
706315683 783501354
146002833 592388810
234550774 576176352
400056877 670105878
148954403 526295745
730567269 1010157642
162349570 703845031
108189365 561616898
199158625 666920025
477675636 686260645
272025882 1070229957
220608967 944087005
89043645 533381596
639842196 1053101046
243457859 469846194
172871832 1015078810
2285929 442489804
174780870 674295554
840530100 1053861101
865258219 1040388656
365078775 519389154
284521079 306177992
786229014 942242881
756435848 825853686
433071008 985065383
99373539 1059012826
603179422 625018382
879754821 935675748
55330107 504092953
157227772 565818725
49366443 141399344
585647647 633499619
179815404 560913285
289272635 1043454653
544858010 919453827
677574370 922177750
180336748 382229152
98471964 541492272
582055869 634621464
169788098 884872488
345053164 574744336
3627205 729047298
870623678 988632619
319543528 754636239
499146567 752906062
249271924 335628140
903763366 1029919869
276088386 876035348
618744394 664526577
474288064 959765401
806943380 1061654438
733399784 738322302
818126356 917853620
213895136 437304344
421386406 504129176
609977783 723529230
751371749 787499946
437878290 582137731
346787684 980010425
34379087 1049002531
5392439 825557869
421199256 537860541
703522323 1035429163
364919247 702643684
953230950 1058165845
678246364 1072426097
97191842 351031213
731251350 868071111
657735043 720669182
18461340 460040493
557372998 652231477
602721462 1050681538
611349703 765907068
346537759 840253297
746769069 961044386
598934215 755001142
761528664 880371940
725886190 860431894
126981362 778914520
106075366 826359018
317548265 630484647
177742698 856549630
685652807 688552686
532079009 550527170
6445694 805879748
13648646 462851593
323326467 1043460097
58145626 401778981
158604566 816659272
771817976 906642074
151121947 335584048
378771157 617857839
649939072 881570747
269650591 312401619
41426613 904014519
332249519 909745671
110083576 705479337
555022109 1063453519
60181326 449304755
695248711 813458650
608037267 641407927
643723779 766140611
54682917 624359857
155889009 1019723967
55976372 377187157
300823733 329247827
34975616 658716169
123181071 510313239
405098478 532723889
119843355 1008592318
190670392 860277333
912773709 928833065
266659928 1018232498
118689094 939038552
663014953 1059442667
591495945 777757644
511425686 719396795
140546554 838893370
321155390 1071951715
30122369 909327856
320798541 1052951616
94080380 743817634
598846922 791425190
333499286 1051052238
14182818 826461519
601740848 927244268
6710135 419592165
225224175 715358083
358349304 770510482
193745988 605316784
114364552 290860246
434133832 1058570818
447060722 679311294
65768812 652852422
75605564 551626354
699572643 790752123
317830479 704096172
274238576 619003384
232125668 600873085
463075042 1011697555
496261186 1000782085
100419587 679715522
256020308 492090814
329186061 601493232
568547120 914238399
499953875 887245908
366559706 716571292
98104599 839120738
293033955 784013902
390546558 662477122
18435917 1061543061
152852054 297736557
165808653 364485336
722999138 739678844
351777615 902470549
488653458 806804005
623519682 892124261
335136448 562795986
776211258 906312830
135279191 849076494
53129962 891816056
269857311 309164609
302554365 540204736
353192266 752444006
946435327 1045344433
578174320 938774469
502005789 887228212
645558371 895115221
349899647 749228069
179039941 918233978
169219921 713130759
197847715 635955046
93647674 666283169
255178212 815380964
621319047 996286383
411430097 545006125
264626122 1027098746
368847820 783189113
310886063 723947636
2685134 541831074
877258905 933333269
308950267 414107279
381185902 464065258
152834305 955985123
285676276 508552215
170007652 449715840
237990617 937109776
170124767 1000702878
149880778 166592995
380749582 430670727
159930330 838504962
299895561 370306029
64209286 342065369
346821235 570932904
632457138 648870920
740238833 925993566
270280585 919915597
321268559 509275089
694259396 706625069
391175632 774740212
692724688 810473364
85449406 282173140
634026008 783697598
184884951 469801286
433402586 499100035
692315607 738079861
200571537 555606855
658842856 860946791
113379143 1010042783
409547815 535421456
722721636 892087348
643619983 787791352
295655954 668033704
445539756 676261753
496519054 521591715
99182531 177782294
363450446 456234314
281935683 302900205
38071389 98243687
178798851 1019756327
35119242 604920133
745054756 1070490698
217577105 583406083
728192155 864507379
12838460 620677773
878302532 1034542745
88547742 190815192
580620846 890357973
135574496 321407024
36276630 383350089
939260680 1017816911
121127751 1047659480
150714574 868782989
740474223 840819847
441441970 940594892
440862693 508296987
271447561 361988531
600153366 662240489
670968935 908252883
786538657 1037208036
518168171 733983625
904232558 916958046
762592404 911807535
374793679 589861582
592112546 928920410
417581665 868914578
194506888 714153677
829420720 875181248
646431062 646643516
518892148 975206484
734709876 1042592704
490306203 871585548
299092586 1063629105
293622363 617627234
271542626 620137619
346474484 1034170963
166419577 251763041
510020729 709447117
326978506 594927044
152941512 393501289
187010833 606763746
209300323 703540235
472318005 499474926
358368180 669913798
105886111 420315513
795229985 889577630
470881545 809614559
17407203 702432457
231803866 850211721
20534882 321952621
480076548 1063230664
674797713 963073858
459249252 688361750
123781096 755094190
516518656 644139753
48518387 903588955
342847772 432746174
1372613 3729401
588726248 786139371
370249445 415199346
137192194 1004718586
121083660 746820061
261331423 435417799
13408071 15481674
311240611 463038391
860726785 1055969200
61968268 998979794
589891346 1041977009
534380320 605364632
375803981 953447689
203305876 779773903
67857622 910741393
333324954 984074323
386989449 670773250
628355052 1032439245
67077549 369164064
179025018 859258746
202033009 263390015
614734885 829763155
186198325 213642233
1117614 812849395
316367381 933855674
382642143 686345288
942000775 996324571
83979011 1025695340
364055482 488306055
51704661 878992087
205751235 951872531
419333492 933405686
369589357 697214658
654730135 902518731
774217277 1004983664
894991640 1024357231
332418607 594315996
853850826 976659204
672066575 690416348
846561836 995829789
423503993 623114821
701778991 1002800470
728230451 741254858
99493950 656210751
91408897 720983566
205155026 650967697
416726966 955601931
666 666
