10 100
1234567890 9876543210
3 5
5 8
0 1
1 3
5 8
5 9
4 5
1 1
334 45564645
4556 5676587851242164328768657856786
8 12
8 13
0 2
0 7
23545 6547657457665
234535 46765758908765432
100 1000
5000 9000
1234000 123456000
96 135497281
5 84420925
5567 900000000
34556 10000000000000
43324234 85675676576575675675
2986111268189776918552 48316295261201230163284885
1 36726740705505779255899443
13 433925857
24 84353895
82 1100545
14 48233367
8 12
8 13
1 1000000000000000000000000000000000000000000000000000000000000000000000000000000000000000000000000000
1 21
1 1
1 2
10 100
1 2
1 5
77 214636915
93 424238335
86 149760492
49 189641421
5 5
6 7
0 0
