PCA NH Dv-err
--- -- ------
1    1 69.700
1    2 69.233
1    5 69.450
1   10 80.783
1   20 69.533
1   30 69.800
1   40 84.350
1   50 86.633
2    1 72.000
2    2 57.383
2    5 53.550
2   10 60.267
2   20 63.050
2   30 52.900
2   40 53.150
2   50 53.183
5    1 69.550
5    2 52.200
5    5 32.800
5   10 27.767
5   20 25.183
5   30 24.367
5   40 24.100
5   50 89.617
10   1 67.617
10   2 45.017
10   5 23.583
10  10 14.100
10  20 10.333
10  30  9.067
10  40  8.433
10  50  8.200
20   1 68.150
20   2 41.317
20   5 16.750
20  10 11.150
20  20  6.817
20  30  5.317
20  40  5.400   
20  50  5.050 <- Mejor
20  60 50.067
20  70  5.183
30   1 65.700
30   2 45.517
30   5 14.833
30  10  9.083
30  20  7.183
30  30  5.850
30  40  5.417
30  50  5.317

EVA

20  40  3.740   [3.322  4.158]

20  40  5.000   [4.582  5.418]
20  50  4.770   [4.352  5.188]
20  60  4.780   [4.362  5.198]