100
26258
2141
15786
18744
8066
7996
36631
18641
38560
29903
34517
9881
38617
2729
43326
1023
11352
28245
37312
32336
12362
33415
20429
31256
34399
9470
6313
17453
29164
35154
48446
36578
329
34614
19950
29869
46011
26235
45345
17004
9746
5115
34912
21146
6924
2316
26294
16159
37302
11856
101
39782
9780
21091
4366
15764
40657
11197
42226
35740
1984
39105
44704
24174
14667
44410
381
27823
41706
13781
35214
38567
47905
10367
2219
25134
30731
16527
753
15047
24828
7562
34030
41011
34664
36076
20927
21295
4577
32737
20760
3324
4556
33923
47066
18805
30318
38913
27802
42715
