2 136631
1 3553
11 2797227972
3 276672
4 259952
7 16699661
2 99499
2 55655
2 79297
3 227722
2 166661
6 229922
2 113311
2 22022
4 567765
1 4224
1 36663
5 4424244
1 58685
1 95659
1 38683
1 84848
3 491194
1 96469
5 4546454
3 125521
1 9449
4 997799
3 457754
3 666666
3 293392
2 265562
2 3773
3 576675
5 663366
6 15655651
1 57075
1 79497
1 99699
1 57075
2 68486
2 13431
3 139931
1 85258
2 13431
1 8448
3 452254
2 134431
1 57675
3 597795
1 202
3 287782
3 168861
2 70207
2 11011
3 254452
2 278872
3 886688
2 158851
2 79897
13 52788725
1 89298
9 87255278
3 468864
3 897798
1 45854
4 13431
3 223322
2 126621
4 187781
1 76467
2 166661
5 16699661
1 86668
2 25652
1 68286
2 87878
7 39633693
2 1221
1 89098
6 2346432
3 125521
1 37073
1 52025
3 677776
3 1478741
9 169767961
3 661166
2 25652
4 563365
8 29911992
1 7557
2 12221
3 359953
2 154451
4 734437
2 237732
3 447744
10 663787366
9 226969622
