T        C     D   Accuracy        Interval
-        ---   -   --------        --------
0        1         0.847167        0.002879
0        10        0.847167        0.002879
0        100       0.847167        0.002879
0        1000      0.847167        0.002879
0        10000     0.847167        0.002879
2        1         0.117167        0.002573
2        10        0.116333        0.002566
2        100       0.116333        0.002566
2        1000      0.116333        0.002566
2        10000     0.116333        0.002566 
3 	     1 	       0.116333 	   0.002566 
3 	     10 	   0.116167 	   0.002564
3 	     100 	   0.116167 	   0.002564 
3 	     1000 	   0.116167 	   0.002564      
3        10000     0.116167        0.002564


T	     C	     D	     ACCURACY(%)	 INTERVALO([%- %])
----------------------------------------------------------------
1        1       5       96.216667       [96.064000 - 96.369333]
1        1       4       97.350000       [97.221480 - 97.478520]
1        1       3       97.883333       [97.768158 - 97.998509]
1        1       2       98.050000       [97.939358 - 98.160642] // Éste
1        1       1       92.066667       [91.850415 - 92.282918]
1        10      5       96.216667       [96.064000 - 96.369333]
1        10      4       97.350000       [97.221480 - 97.478520]
1        10      3       97.883333       [97.768158 - 97.998509]
1        10      2       98.050000       [97.939358 - 98.160642] // Éste
1        10      1       91.883333       [91.664815 - 92.101852]
1        100     5       96.216667       [96.064000 - 96.369333]
1        100     4       97.350000       [97.221480 - 97.478520]
1        100     3       97.883333       [97.768158 - 97.998509]
1        100     2       98.050000       [97.939358 - 98.160642] // Éste
1        100     1       86.250000       [85.974443 - 86.525557]
1        1000    1       0.855500        0.008897
1        1000    2       0.980500        0.003499
1        1000    3       0.978833        0.003642
1        1000    4       0.973500        0.004064
1        1000    5       0.962167        0.004828
1        10000   1       0.855500        0.008897
1        10000   2       0.980500        0.003499
1        10000   3       0.978833        0.003642
1        10000   4       0.973500        0.004064
1        10000   5       0.962167        0.004828


EVA

T	     C	     D	     ACCURACY(%)	 INTERVALO([%- %])
----------------------------------------------------------------
1        1       2       98.050          [97.779  98.321]
1        10      2       98.050          [97.779  98.321]
1        100     2       98.050          [97.779  98.321]
1        1000    2       98.050          [97.779  98.321]
1        10000   2       98.050          [97.779  98.321]