333
44
8 10 14 29 41 59 62 76 79 91 102 105 106 135 142 147 149 150 153 161 163 168 173 188 189 193 199 200 201 209 216 219 226 239 246 253 272 284 286 292 299 315 316 317
725
12
34 38 90 92 136 168 314 386 501 529 560 661
574
44
25 30 38 51 53 59 69 87 117 118 137 164 167 170 174 176 187 226 227 246 247 256 297 314 316 331 344 376 377 399 419 424 429 462 471 493 506 514 518 520 522 528 539 541
814
35
43 75 77 111 112 117 125 154 212 252 270 271 308 318 364 369 394 415 496 514 524 532 535 556 572 578 600 616 623 659 682 756 780 789 803
591
19
28 62 149 177 185 197 252 288 293 342 348 351 431 433 454 523 546 566 567
358
3
79 155 234
768
43
9 50 51 54 87 91 116 149 184 202 233 240 311 323 325 338 357 359 361 385 406 469 487 555 557 560 563 574 588 620 639 642 643 650 699 711 718 719 728 737 741 745 754
780
31
33 47 63 192 219 227 255 274 288 322 340 373 389 406 407 414 417 445 446 544 646 661 682 684 712 714 717 718 751 753 764
160
10
24 42 43 48 125 128 131 138 140 152
682
26
88 115 133 142 159 180 282 284 316 344 369 385 410 462 477 484 509 511 570 617 624 660 662 667 674 676
91
42
4 5 7 8 10 12 13 17 18 20 21 26 29 30 31 35 37 38 40 41 45 46 48 49 50 57 59 61 62 65 66 68 69 70 71 73 79 80 82 86 87 90
588
38
1 4 35 51 89 121 124 127 140 171 176 190 193 213 228 231 234 276 304 318 327 357 379 383 385 423 440 463 465 504 507 517 523 555 556 562 563 573
897
29
1 63 91 138 146 238 308 315 345 349 401 445 460 468 477 489 497 555 565 572 589 590 627 677 700 744 802 872 885
240
33
1 8 17 30 42 54 57 59 60 73 75 76 79 88 97 98 100 110 120 130 137 143 149 159 163 166 169 178 189 198 210 231 239
408
3
47 340 366
146
38
10 13 14 26 29 30 36 41 42 43 48 49 56 58 61 66 76 79 88 91 99 101 102 103 105 111 113 114 117 119 120 121 126 127 133 134 139 142
996
35
38 56 80 113 176 193 206 212 214 244 324 369 388 400 401 414 451 493 508 552 566 571 577 596 607 633 652 675 780 783 807 841 849 852 888
762
26
8 11 51 56 209 234 264 268 312 338 339 350 355 359 375 382 405 439 455 490 493 533 669 687 710 731
665
47
25 31 43 55 62 69 78 96 114 118 120 121 142 151 164 177 189 203 219 251 262 277 325 332 345 346 374 387 390 396 400 403 445 446 456 464 470 475 498 506 547 590 604 608 621 651 661
286
20
4 14 22 24 36 80 82 83 85 99 124 128 134 150 151 175 187 194 234 245
968
37
4 15 34 80 86 117 153 154 208 212 237 243 253 288 344 360 373 395 415 465 495 505 560 589 599 656 657 708 729 767 777 781 799 848 910 924 959
807
26
4 39 52 137 151 155 178 193 212 228 286 287 361 422 460 582 596 632 647 650 668 743 753 763 766 798
123
36
1 12 13 15 18 19 22 25 29 30 31 45 46 47 49 56 58 61 64 66 71 74 76 77 78 79 81 84 93 96 98 100 103 106 108 111
392
30
24 33 41 67 70 71 101 122 128 144 168 171 178 198 202 216 219 225 236 239 240 243 253 264 274 315 336 365 378 381
231
44
1 5 6 9 10 17 18 35 38 40 41 45 56 62 63 70 74 76 81 84 86 91 96 97 107 117 119 122 124 127 134 141 146 147 148 149 185 197 200 202 205 207 208 213
972
41
19 57 62 65 88 108 162 165 175 181 188 201 224 249 262 263 278 281 289 350 381 385 401 405 442 461 549 568 574 656 679 721 734 767 772 834 844 845 847 940 949
101
6
9 11 15 18 44 67
0

