1
2
3
4
5
6
7
8
9
10
11
12
13
14
15
16
17
18
19
20
21
22
23
24
25
26
27
28
29
30
31
32
33
34
35
36
37
38
39
40
41
42
43
44
45
46
47
48
49
50
51
52
53
54
55
56
57
58
59
60
61
62
63
64
65
66
67
68
69
70
71
72
73
74
75
76
77
78
79
80
81
82
83
84
85
86
87
88
89
90
91
92
93
94
95
96
97
98
99
100
101
102
103
104
105
106
107
108
109
110
111
112
113
114
115
116
117
118
119
120
121
122
123
124
125
126
127
128
129
130
131
132
133
134
135
136
137
138
139
140
141
142
143
144
145
146
147
148
149
150
151
152
153
154
155
156
157
158
159
160
161
162
163
164
165
166
167
168
169
170
171
172
173
174
175
176
177
178
179
180
181
182
183
184
185
186
187
188
189
190
191
192
193
194
195
196
197
198
199
200
201
202
203
204
205
206
207
208
209
210
211
212
213
214
215
216
217
218
219
220
221
222
223
224
225
226
227
228
229
230
231
232
233
234
235
236
237
238
239
240
241
242
243
244
245
246
247
248
249
250
251
252
253
254
255
256
257
258
259
260
261
262
263
264
265
266
267
268
269
270
271
272
273
274
275
276
277
278
279
280
281
282
283
284
285
286
287
288
289
290
291
292
293
294
295
296
297
298
299
300
301
302
303
304
305
306
307
308
309
310
311
312
313
314
315
316
317
318
319
320
321
322
323
324
325
326
327
328
329
330
331
332
333
334
335
336
337
338
339
340
341
342
343
344
345
346
347
348
349
350
351
352
353
354
355
356
357
358
359
360
361
362
363
364
365
366
367
368
369
370
371
372
373
374
375
376
377
378
379
380
381
382
383
384
385
386
387
388
389
390
391
392
393
394
395
396
397
398
399
400
401
402
403
404
405
406
407
408
409
410
411
412
413
414
415
416
417
418
419
420
421
422
423
424
425
426
427
428
429
430
431
432
433
434
435
436
437
438
439
440
441
442
443
444
445
446
447
448
449
450
451
452
453
454
455
456
457
458
459
460
461
462
463
464
465
466
467
468
469
470
471
472
473
474
475
476
477
478
479
480
481
482
483
484
485
486
487
488
489
490
491
492
493
494
495
496
497
498
499
500
7905440
6122783
1938547
7583320
6694605
5688851
1557212
5926031
7004221
2327541
5518459
1708666
7070288
8158536
264909
4175217
9384953
6448421
8178844
6435800
1638206
2119678
1264806
416666
1500326
6689862
7340221
9769772
984415
4544720
2567532
6918524
988916
7387403
5179589
7918019
8388664
6376967
358764
2873489
6211522
1354504
7170336
8581889
3788697
3234934
1704071
5353115
7996394
1362732
5777242
6814995
7765737
1538684
3847236
1747367
1685952
9961279
1377998
7446360
910451
2573633
2629513
9963331
3661411
4677334
422814
1377549
6747866
8143244
2152396
5515836
5190576
1761228
7069355
1045621
5362872
9644499
6011761
7107568
7876046
4453188
7409783
3398228
2149686
6911681
4532849
5750617
3162237
5021335
6143626
6340581
9491144
5237601
989257
717147
7291859
8173327
2315383
1587058
9990646
9106821
428625
5688591
3185255
1107862
5222916
2432869
1782806
6480905
4386013
8710107
8589249
9241413
3240210
6062154
5396091
8567579
5956675
4377021
9628806
6784467
7324556
4533656
2419073
7152666
2675921
167685
5940360
7647803
3111200
5270295
6212748
1555782
6828093
6057298
4699842
8308150
3044181
3327375
8823082
6581547
9304707
5683603
182629
8064584
8557006
3061936
6550661
234053
714956
9168986
1382817
2131064
3379521
5030073
4261096
9399362
6909456
1846649
9687335
8737244
9288305
6104349
5259966
5252694
