7 1 6 5 3 4 8 2
5 3 6 2 1 4
4 5 2 7 8 3 6 1 9
20 9 3 13 5 19 1 18 12 11 15 7 10 14 8 4 17 6 2 16
10 12 9 14 8 4 16 15 7 2 17 3 11 6 5 1 13 18
4 3 1 2 5
4 21 8 11 23 5 3 20 26 7 12 1 25 10 2 24 19 17 13 22 27 14 9 15 6 16 18
1 4 3 2
4 9 2 5 8 7 10 1 3 12 6 11
10 6 8 7 14 13 9 12 1 15 16 3 11 2 5 4
15 13 14 10 6 8 12 9 4 11 3 7 2 5 1 16
12 11 18 10 7 14 8 4 17 20 5 1 15 13 16 3 19 6 2 9
1
22 1 8 10 16 13 11 18 26 20 24 19 5 14 2 17 4 23 3 15 9 25 21 12 6 7
1 2 4 3
24 27 2 7 19 16 26 29 14 13 6 22 10 9 1 12 17 5 18 11 28 25 15 4 21 3 8 23 20
6 3 1 2 7 5 4
2 1 3
23 4 1 11 25 8 13 10 24 22 2 6 12 17 20 5 21 7 18 9 15 14 16 3 19
3 1 2
26 1 10 8 18 13 12 25 22 19 2 20 21 27 4 9 7 15 23 3 14 17 24 11 6 5 16
2 3 9 7 4 5 1 8 6
19 8 17 11 14 18 9 4 10 5 22 2 21 12 3 13 16 23 20 7 6 1 15
11 3 19 23 9 18 15 17 28 10 22 2 7 26 14 20 8 6 1 12 16 4 24 25 21 27 5 13
11 5 4 2 8 7 9 10 6 3 1
21 23 8 7 2 22 11 13 5 19 12 10 16 20 9 1 18 6 4 15 14 17 3
19 12 16 4 15 6 1 20 21 22 14 3 7 13 2 10 5 8 9 18 11 17
1
5 15 8 4 6 7 12 11 1 10 2 13 3 9 14
11 4 13 7 17 1 9 8 16 10 12 2 6 3 5 14 15
3 11 12 13 8 9 14 4 1 10 7 6 2 5
2 6 4 1 3 8 7 5
1 2 5 4 3 6
7 13 15 16 18 17 22 3 12 2 5 20 21 8 9 6 11 10 1 19 14 4
3 18 16 17 8 9 7 19 10 11 1 5 12 2 13 6 14 15 4
14 6 5 20 15 23 11 18 7 4 2 8 19 21 10 13 16 22 17 12 9 1 3
9 7 8 15 26 14 2 19 10 3 22 21 20 6 17 23 13 11 25 12 5 4 27 1 24 16 18
18 13 8 15 19 10 5 2 27 11 6 16 9 21 23 12 4 25 17 14 20 3 26 22 1 24 7
1 9 11 8 12 21 14 5 13 20 10 15 16 6 7 3 18 17 2 19 4
2 1 3
12 16 7 9 22 17 6 10 14 3 1 8 19 13 21 18 15 11 5 4 2 20
7
9 5 7 8 4 10 6 11 2 13 1 3 12
1 3 5 2 4
3 1 2
20 21 7 3 5 16 8 12 11 19 13 15 18 10 2 1 6 17 4 9 14
22 28 20 10 8 24 9 23 29 4 15 26 17 14 6 13 12 1 7 2 5 3 18 19 25 21 16 27 11
16 17 13 2 19 5 18 4 22 15 1 6 8 7 21 20 12 10 9 14 11 23 3
13 5 15 11 1 4 14 2 3 12 8 9 7 10 6
19 10 20 22 5 14 25 16 2 13 7 21 24 1 6 23 11 15 4 9 26 8 17 18 12 3 27 28
