7 1 6 5 3 4 8 2
2 1 7 2 5 3 6 5 6 0
5 3 6 2 1 4
4 1 3 2 5 3 5 0
4 5 2 7 8 3 6 1 9
5 2 8 4 8 5 7 6 8 0
20 9 3 13 5 19 1 18 12 11 15 7 10 14 8 4 17 6 2 16
1 6 2 4 3 12 4 7 5 16 6 13 7 13 8 14 9 19 11 19 12 16 13 16 14 19 15 16 19 18 0
10 12 9 14 8 4 16 15 7 2 17 3 11 6 5 1 13 18
8 2 6 3 16 4 16 5 16 6 15 7 13 8 15 9 12 10 11 16 12 17 13 15 14 15 17 16 17 0
4 3 1 2 5
2 4 0
4 21 8 11 23 5 3 20 26 7 12 1 25 10 2 24 19 17 13 22 27 14 9 15 6 16 18
7 1 13 2 20 3 6 4 22 5 24 6 20 7 12 8 21 9 19 10 11 12 14 13 15 14 25 15 23 16 23 17 20 19 21 20 25 21 23 22 24 23 25 0
1 4 3 2
3 1 3 2 0
4 9 2 5 8 7 10 1 3 12 6 11
3 1 2 10 3 10 4 9 5 11 7 10 8 9 11 10 11 0
10 6 8 7 14 13 9 12 1 15 16 3 11 2 5 4
6 1 7 3 13 4 6 5 10 6 8 7 11 8 15 9 11 10 11 13 12 15 14 0
15 13 14 10 6 8 12 9 4 11 3 7 2 5 1 16
2 4 3 4 13 5 11 6 14 7 10 8 15 9 12 10 11 15 12 15 13 15 0
12 11 18 10 7 14 8 4 17 20 5 1 15 13 16 3 19 6 2 9
11 1 17 2 14 3 9 4 11 5 16 6 14 7 16 8 10 9 10 18 11 16 12 16 13 15 14 18 15 16 18 17 0
1
0
22 1 8 10 16 13 11 18 26 20 24 19 5 14 2 17 4 23 3 15 9 25 21 12 6 7
18 1 22 2 17 3 19 4 25 5 20 6 7 15 8 20 9 23 10 24 11 21 12 16 13 23 14 22 15 23 16 20 17 21 18 19 20 0
1 2 4 3
2 1 2 3 0
24 27 2 7 19 16 26 29 14 13 6 22 10 9 1 12 17 5 18 11 28 25 15 4 21 3 8 23 20
22 1 21 2 24 3 8 4 25 5 6 20 7 26 8 27 9 18 10 23 11 28 12 15 13 21 14 18 15 22 16 24 17 26 18 28 19 27 20 24 22 25 23 25 24 25 26 27 0
6 3 1 2 7 5 4
3 1 5 2 6 0
2 1 3
2 0
23 4 1 11 25 8 13 10 24 22 2 6 12 17 20 5 21 7 18 9 15 14 16 3 19
21 1 9 2 22 3 4 11 5 21 6 18 7 13 8 20 9 13 10 24 11 13 12 15 13 21 14 24 15 23 16 18 24 19 21 20 22 21 24 23 0
3 1 2
1 2 0
26 1 10 8 18 13 12 25 22 19 2 20 21 27 4 9 7 15 23 3 14 17 24 11 6 5 16
14 1 14 2 22 3 19 4 8 5 24 6 13 7 22 8 10 9 24 10 11 21 12 25 13 15 14 21 15 24 17 25 18 26 19 20 26 21 23 22 24 25 26 0
2 3 9 7 4 5 1 8 6
7 1 8 2 7 3 4 6 5 0
19 8 17 11 14 18 9 4 10 5 22 2 21 12 3 13 16 23 20 7 6 1 15
6 1 8 2 19 3 13 4 10 6 22 7 14 8 10 9 20 10 16 11 20 12 15 13 19 14 16 15 19 17 22 19 21 20 22 0
11 3 19 23 9 18 15 17 28 10 22 2 7 26 14 20 8 6 1 12 16 4 24 25 21 27 5 13
20 1 26 2 16 3 25 4 8 5 18 6 11 7 12 8 14 9 19 10 18 11 23 12 23 13 23 14 19 15 16 25 17 23 18 25 20 26 22 23 26 24 27 26 27 0
11 5 4 2 8 7 9 10 6 3 1
1 8 2 6 3 5 4 5 9 7 9 10 0
21 23 8 7 2 22 11 13 5 19 12 10 16 20 9 1 18 6 4 15 14 17 3
22 1 6 2 3 16 4 8 5 11 6 11 7 14 8 15 9 18 10 12 11 19 12 13 14 15 20 16 20 17 21 18 20 19 20 22 21 22 0
19 12 16 4 15 6 1 20 21 22 14 3 7 13 2 10 5 8 9 18 11 17
13 1 10 4 14 5 7 6 8 7 9 8 19 9 15 10 21 11 21 13 17 14 20 15 20 16 18 20 19 21 0
1
0
5 15 8 4 6 7 12 11 1 10 2 13 3 9 14
14 1 2 5 3 8 4 12 5 7 6 8 7 10 8 11 9 14 10 13 11 12 14 0
11 4 13 7 17 1 9 8 16 10 12 2 6 3 5 14 15
13 1 9 2 10 3 11 4 12 5 13 6 16 7 13 8 15 9 12 10 13 12 14 13 15 0
3 11 12 13 8 9 14 4 1 10 7 6 2 5
8 1 4 2 8 5 11 6 10 7 11 8 12 9 11 10 12 11 0
2 6 4 1 3 8 7 5
3 1 7 2 5 3 4 5 7 6 0
1 2 5 4 3 6
4 2 5 3 5 0
7 13 15 16 18 17 22 3 12 2 5 20 21 8 9 6 11 10 1 19 14 4
16 1 13 2 12 3 16 4 14 5 14 6 7 21 9 10 13 11 16 12 19 13 21 14 16 15 18 16 20 17 21 18 21 19 21 0
3 18 16 17 8 9 7 19 10 11 1 5 12 2 13 6 14 15 4
12 1 7 2 16 3 7 4 6 5 8 7 9 8 11 9 13 11 18 13 18 14 18 15 16 17 18 0
14 6 5 20 15 23 11 18 7 4 2 8 19 21 10 13 16 22 17 12 9 1 3
18 1 18 2 11 3 14 4 5 10 6 11 7 12 8 11 9 16 10 17 11 19 12 16 13 15 20 16 19 17 19 18 19 21 20 22 21 0
9 7 8 15 26 14 2 19 10 3 22 21 20 6 17 23 13 11 25 12 5 4 27 1 24 16 18
5 1 19 2 24 3 22 4 22 5 15 6 19 7 25 9 14 10 22 11 12 26 14 23 15 23 16 23 17 18 25 19 21 20 21 24 22 25 0
18 13 8 15 19 10 5 2 27 11 6 16 9 21 23 12 4 25 17 14 20 3 26 22 1 24 7
19 1 23 2 11 3 25 4 25 5 26 6 25 7 24 8 17 9 13 10 20 11 25 12 21 13 19 14 26 15 23 16 22 17 26 18 22 19 22 21 23 22 24 23 26 0
1 9 11 8 12 21 14 5 13 20 10 15 16 6 7 3 18 17 2 19 4
16 1 10 2 12 3 15 4 11 5 18 6 10 7 12 8 19 9 17 10 12 11 19 12 13 20 14 18 15 19 16 19 0
2 1 3
2 0
12 16 7 9 22 17 6 10 14 3 1 8 19 13 21 18 15 11 5 4 2 20
18 1 15 2 9 3 5 4 21 5 16 6 14 7 14 8 14 9 10 20 12 14 13 17 14 18 15 16 17 20 18 21 19 21 20 21 0
7
0
9 5 7 8 4 10 6 11 2 13 1 3 12
4 1 2 12 3 6 4 9 5 12 6 8 7 10 8 9 11 10 12 11 0
1 3 5 2 4
3 1 2 3 4 0
3 1 2
1 2 0
20 21 7 3 5 16 8 12 11 19 13 15 18 10 2 1 6 17 4 9 14
20 1 10 3 6 4 9 5 12 6 10 7 16 8 9 15 10 18 12 17 13 18 14 20 15 16 19 17 19 18 19 20 0
22 28 20 10 8 24 9 23 29 4 15 26 17 14 6 13 12 1 7 2 5 3 18 19 25 21 16 27 11
21 1 8 2 22 3 26 4 20 5 10 6 27 7 13 8 28 9 16 10 12 11 22 13 19 14 26 15 28 16 19 17 19 23 20 27 22 26 23 28 24 28 25 26 28 27 0
16 17 13 2 19 5 18 4 22 15 1 6 8 7 21 20 12 10 9 14 11 23 3
2 1 14 2 17 3 20 5 7 6 10 7 10 9 15 10 15 11 21 12 20 13 14 19 16 21 18 20 19 21 20 21 22 0
13 5 15 11 1 4 14 2 3 12 8 9 7 10 6
13 1 7 2 14 3 13 4 14 5 10 6 8 7 9 13 10 11 13 12 14 13 14 0
19 10 20 22 5 14 25 16 2 13 7 21 24 1 6 23 11 15 4 9 26 8 17 18 12 3 27 28
8 3 17 4 21 5 8 6 24 7 24 8 24 9 15 10 13 11 27 12 26 13 20 14 19 15 21 16 18 17 24 18 26 19 22 20 26 21 27 22 25 23 25 24 27 25 26 0
