1042666661 1853096536
1337234042 201073678
756267325 563291563
527714251 2083037062
805999857 1054566377
1454508325 2137914228
610957493 1317646306
1643831217 1402707091
922243926 1449529480
1683376137 587097020
1274795768 2041776260
2098862359 805124977
1827309532 1897252705
1641286855 186411979
89872216 672091932
474185748 1132538877
377704820 1811419790
1333612555 1133972145
227227705 1861326806
1069525560 1033227562
768409535 376550237
1023658142 1379367028
1694196543 520005711
634590472 468956821
1969535192 170482961
1056053841 1096847312
64775573 1007432553
1901972289 1892085106
757201610 1395775497
2078497085 847073827
2067867429 405199185
1979612704 298088601
69135327 1165741612
1432060746 296363033
879584770 354102658
1329590595 1647994306
730652895 205765090
879877686 277365790
725770801 1514468158
746322611 547822345
1684951119 1802376453
1644669658 1749726693
662325358 1399158299
1494328151 1419526968
647450148 1425341588
119117147 567833929
1830540773 2098729852
865922530 1899676100
1116987816 150499629
48555485 1996572586
504602287 1378146081
1497083244 1235255183
1583911171 229477283
1512620973 162198324
1743945441 111459937
710020670 1281412913
1913836390 207206680
883655958 428678100
1606364979 230500461
1848205068 106331480
1655842049 1967322216
674165409 1338899174
1918568420 1540087940
1091091626 888072588
1690587569 1139647112
737161526 47706208
370309545 86761123
1282961391 1954220716
316238406 648098717
2116419040 2060183847
759558654 678956062
1194113112 525911396
886162742 2077769070
954589496 345044074
160785883 655310916
451375554 1816627932
475149484 1125540963
1008043458 246234256
518145255 2099135085
1134306844 61249176
1091298549 1871468371
108955385 1461608094
1958229494 1391916776
1268345162 126984252
2040015493 1237280554
39684451 652090499
1916236617 1233797564
1178001895 654915711
1164082986 2132591391
999959785 1324868870
640418660 1451335339
994013154 1115568144
429392655 2002056613
1361802401 947537910
1953708050 348625597
1008787087 897522951
72610320 1117742472
211647397 2030839814
362175600 1479992559
10340418 254707446
0 0
