164 311
5685 6544
1084 779
1637 25
8147 8530
683 117
3291 6349
1497 7408
1174 5679
31 156
6753 1958
7916 7927
7267 8613
2091 9719
1050 8807
1325 919
6937 6
1095 9559
5786 6491
9259 1876
469 2635
141 1973
9541 5151
1481 2183
3112 3511
6918 5089
870 4649
1853 5915
27 17
843 914
1909 502
641 1136
1320 8497
7941 7996
209 4058
4581 7660
9343 3778
7221 9127
2289 3742
5675 3141
282 505
8393 712
2215 6631
2842 2425
957 1600
1355 8628
4766 6403
526 379
7283 8588
7143 7286
239 177
896 3121
2265 8927
1517 2092
387 2009
131 55
7823 4805
9875 4711
909 2345
8524 6569
6 947
4113 959
6848 6573
3110 1857
8945 7181
5108 2557
4421 6096
5315 7007
2511 7094
9468 2143
8498 1347
106 919
4309 588
1901 4296
2446 1351
2875 772
1095 3719
9537 4894
4073 2533
682 1249
4954 2685
7573 5866
6276 6919
1393 774
1883 8924
2797 1273
5012 9133
1363 180
8699 9703
9871 3603
5380 8329
134 381
5908 7225
9923 5128
9472 8915
1554 905
1698 2593
5761 8964
1723 4070
2012 649
135 689
1097 3045
5577 4657
2815 3956
2503 8124
3184 3231
3637 311
4951 3652
329 680
4126 8821
5293 7167
3657 7529
9212 2809
4688 2227
5681 7140
3585 5914
1954 3245
6952 2679
856 1323
5191 5364
3907 1636
3304 867
8667 4984
3785 1369
1087 378
9259 7293
232 2161
503 671
7223 3461
1907 1008
2608 281
153 736
9789 7942
1587 1318
7193 518
1841 5309
5621 4759
8080 7273
5597 4085
9427 4438
3386 4005
6225 1561
2201 8352
791 6157
172 321
1775 829
1503 545
299 157
421 80
7934 305
20 39
757 5238
5959 7980
4656 7529
8771 8310
930 1463
866 1409
1417 2336
2792 5317
160 357
3636 3779
1857 1853
4822 5663
523 8271
3754 8675
1382 1417
1105 5651
7340 2679
8832 3293
5247 3178
1749 9635
8874 973
542 6557
554 8955
8349 520
111 49
7095 196
2435 3013
6797 1805
4285 804
3183 701
155 1944
2025 6271
815 84
5447 1424
163 1346
4539 692
9649 9872
185 502
285 352
4432 1009
4253 1310
1789 7435
8461 1479
4214 4313
6258 8215
1659 277
5973 2150
729 3811
4153 929
2691 2303
2308 1413
1901 2000
3748 7629
279 328
3753 9386
3757 860
1938 1015
19 1866
4261 1071
9931 9208
1615 1796
32 529
4407 998
3253 6351
2225 9677
3812 3807
799 1230
6739 3665
703 1081
3957 3001
6071 350
8817 2708
1189 7748
7219 1215
9266 9411
246 2071
8683 5336
2402 7799
2660 1867
6010 5921
4578 6095
5977 8731
2892 2069
2245 909
4352 3835
642 2051
543 5926
8782 9151
1487 3087
1203 7163
1135 156
3961 194
2925 2026
852 535
1099 249
6474 7685
3903 3449
9949 7817
1693 3466
6987 9613
936 9443
9868 409
8008 1161
8762 8575
1831 5964
149 8286
563 1322
2488 429
279 418
1618 1565
9944 2441
6139 883
5149 1181
3316 3273
3649 5707
9821 9704
2014 6281
2917 488
2027 2495
7627 861
773 102
177 1120
865 184
23 283
1026 6409
8804 8239
2699 662
5719 1571
1395 4292
230 733
1037 6437
129 442
4188 1297
6471 572
2719 529
5163 2080
641 2551
1223 1640
3689 2682
7935 328
4997 1846
3493 2836
415 877
339 923
7089 2060
3249 2695
8729 2624
822 7043
2778 2599
4938 2237
5693 3862
5905 6818
2403 2728
4575 127
513 467
4203 3458
2825 5873
2309 179
1835 62
2427 1154
743 7872
7684 9999
8156 8165
854 409
3145 4618
1 85
1558 4859
8068 5849
6361 3663
2671 4831
6377 3573
105 572
853 7026
2893 54
2627 273
3043 2879
9392 61
6875 4228
4543 2187
7823 9037
3169 1866
4564 3237
2645 2249
309 1589
2626 1275
6216 1595
2019 9335
245 5612
1499 1475
3997 2013
9288 2417
778 3653
195 89
2385 2699
4301 4837
2855 3332
1709 8892
593 110
354 221
3910 8889
2707 2254
3365 9454
1652 2027
4877 9847
103 3736
155 566
3257 2264
2520 1363
4665 2894
415 7773
689 281
4248 7111
1971 1412
1313 496
186 1213
3666 4489
187 43
7485 2737
4401 2794
5828 6579
9981 1853
393 1114
58 3079
1168 661
8537 5412
4459 1618
7701 2837
1987 337
9683 9639
450 937
2269 2892
7200 1057
2100 2263
3820 373
2197 9244
4578 4835
1307 2362
2807 717
232 1401
610 3237
9132 9121
9151 9602
2411 712
7138 4607
6157 3088
3572 2159
915 2771
7810 3197
55 4084
5726 451
1535 774
9060 2569
1165 1111
9232 9153
7619 9403
30 211
826 6319
3649 1365
8239 3140
6584 4653
1599 47
8991 9082
7770 6037
7138 4127
9577 165
6471 5858
8864 2343
1 335
8483 2480
2286 6097
2723 296
6092 1243
439 153
5483 9746
3783 7610
2683 5719
4470 1457
334 1979
429 53
643 1174
577 2769
203 6943
1645 3104
7460 1023
5035 5902
41 290
785 6636
1564 231
8213 4604
3890 929
83 189
2454 1351
9494 7673
7807 5693
6640 9023
1004 5189
2478 2137
1219 1326
1314 587
4370 921
3406 3769
587 2676
2677 5071
94 4313
1394 2379
3732 6317
4003 4733
3461 3790
4386 3115
2133 1750
1157 2045
2525 947
43 1809
3797 6344
5776 4307
1233 749
221 1893
1943 886
2379 3205
3254 789
3941 1277
6594 475
3469 1812
253 721
107 888
577 21
2559 2285
9695 6019
8850 181
4237 3297
102 887
926 1767
155 249
3545 4249
7181 3924
377 1934
4010 609
190 1221
163 671
127 245
1664 4815
2260 7103
1325 6883
4189 3514
8021 979
5771 6395
6663 4235
9 2
9697 9492
9681 8045
34 69
1123 1173
1699 2590
137 1427
9041 3075
1741 1766
8753 7424
5981 718
6559 8027
8794 9239
2027 187
7406 4939
31 299
306 3661
2439 1846
7989 8170
6011 3062
542 3605
752 229
889 3558
2079 1289
4013 4213
736 263
8599 347
555 5879
1614 4729
8045 2198
6237 5690
748 1337
3031 500
1720 873
15 4792
5075 3102
616 5447
3521 1269
2343 2149
569 434
1921 8295
5827 105
4885 3454
3272 1551
6429 8323
1268 9129
2414 8079
2015 586
1581 9685
1460 1503
4597 9582
2560 5077
211 102
2973 193
6519 2371
6425 7768
5045 2527
2226 6049
4750 4521
6335 6567
6548 2337
4097 4393
1691 7507
1892 1327
4437 3758
145 5791
641 4646
8203 6900
3728 147
875 3614
1724 1933
6805 2434
220 3
6406 363
879 316
1474 1307
2708 2947
2620 7293
8187 3647
6751 3661
470 719
3691 3307
53 507
97 310
1981 76
1012 1455
2144 1657
5025 173
6528 355
5111 2704
3 10
2538 8405
9619 5736
4631 1071
275 3836
91 1308
745 448
2236 6667
2872 3671
5705 839
229 2196
868 1359
1211 1058
2644 657
6167 3727
2492 6039
8033 9584
1325 6329
2355 932
6623 2099
1932 2243
7663 5080
2143 6905
1179 9190
1333 304
641 657
1251 3821
5123 9625
3030 8623
551 2183
3131 4407
7342 9417
7898 993
557 3080
4299 4085
971 4050
3773 6697
1169 8577
3356 2865
887 584
6099 9851
6397 167
9031 6474
1991 2017
1268 1693
329 523
3049 3657
349 2415
6939 1079
1785 1987
5720 1681
5403 4393
9929 7727
1294 1719
1156 1937
1489 9471
3656 3231
737 1569
2637 2066
1372 1027
7864 6973
1266 1105
7430 9721
9959 4138
1471 2341
491 3096
1595 8202
760 8539
2444 1485
7871 7043
1013 234
7305 4733
1634 4787
8247 6517
9287 1247
4687 1337
380 173
57 64
3503 3394
3407 4533
3753 913
6571 6010
374 2997
7474 1409
829 4480
3452 4013
3769 1285
493 321
1633 1919
827 2157
19 3170
490 1977
81 8
8831 4427
5618 3259
4850 5669
1393 1553
1399 1279
5059 9751
147 59
2287 3147
2684 9019
7051 914
1403 4101
7173 6461
3 28
175 3051
9067 9840
2400 7349
5816 6655
1637 2267
4363 4018
268 9247
191 54
2276 1029
2482 613
5671 3597
4631 9847
9068 1393
277 2814
951 7444
1045 9384
5403 7372
4497 1490
5457 1517
828 293
983 4182
3056 1961
1363 3253
1730 9889
8467 2314
1311 157
4187 9677
2995 3372
939 1255
2751 37
8493 3707
9839 7032
224 23
4145 2396
9377 3528
3840 4771
2902 2087
505 7891
6355 928
9922 591
8029 3345
6383 6613
273 1189
6177 9655
1731 644
698 887
924 1823
8527 503
1895 1179
922 1107
2168 5853
6479 5011
2734 1231
176 299
19 9527
73 1451
908 7557
3179 7369
4739 507
2863 7146
1151 6687
1522 1173
521 4509
3182 423
1273 8249
1270 811
951 3467
3030 5309
4738 9063
9786 4909
519 3058
347 3111
3994 5247
1287 1883
517 40
281 5787
984 3943
5458 5345
1421 1273
387 1207
892 8097
188 2669
2251 9481
7389 1543
8599 8124
7810 9341
4313 6493
1535 1974
621 6295
3142 7205
6823 2531
459 385
3729 1454
4751 5746
1523 155
101 78
4234 2315
1471 6812
6951 9407
3403 3756
2319 1462
701 1408
2319 809
1915 478
3343 4005
5909 5565
4681 2598
1055 6982
1147 4899
1204 6633
6641 5509
198 8573
5689 7614
3933 1466
2669 4832
1481 1681
47 7
54 7181
1153 2211
6049 3977
1963 2864
1691 3106
1389 2653
2460 9007
244 2121
1877 231
2797 6793
237 320
8867 292
129 200
5117 6404
2911 2376
431 2493
43 220
1568 3627
5219 7491
3062 1121
931 1996
248 1903
3460 2821
1354 1137
220 1501
1339 862
4786 4323
709 2433
15 9454
5750 51
579 1024
5792 3609
5933 4982
608 2217
6446 3361
920 781
6378 6881
2594 1843
640 9633
8952 5381
9479 3331
4643 2546
7641 9085
7509 7940
2325 6949
1687 3498
4767 3785
953 5058
9627 2210
554 1361
589 485
4385 3099
8612 587
5155 9604
1607 2042
331 41
479 4154
9890 6603
4630 3111
3500 6639
6957 6916
2943 3952
123 484
3053 4967
102 4313
1873 4034
4560 2779
1730 5257
9444 8417
3613 1921
2225 9576
5563 7360
3955 433
659 3346
8735 8408
287 86
9007 7795
2316 9407
9407 2727
7158 1871
9941 33
3220 2693
3768 365
5792 1265
9907 1004
4813 2202
7688 1459
7293 6221
9703 7255
2113 5794
1199 8376
4209 1601
2676 2411
1762 9641
6402 125
9243 2195
833 356
5959 7108
73 136
401 30
2904 2291
43 177
1569 1922
3375 1789
4324 749
941 789
2588 1647
3168 5515
2625 97
562 903
1452 2603
2804 1947
589 469
1556 5545
782 779
1065 614
714 205
393 1171
3047 9811
7352 767
849 466
3666 3071
1711 2739
59 2159
5317 883
1314 9757
847 403
5017 2255
2782 9145
703 83
475 403
431 799
8998 8389
579 8807
24 1561
17 738
444 6203
381 4868
3551 6820
8475 6113
3481 170
6541 5127
1134 1321
2274 2135
7024 8907
713 2465
3478 8973
3922 1655
9407 9345
490 509
2727 3149
9412 4513
1119 1273
2167 1647
4154 2545
355 523
1105 3661
559 4668
74 6591
183 5722
4222 8631
1300 21
9934 149
1432 1151
5278 8521
1 3
1933 3917
3106 2191
483 569
13 128
3412 547
8829 3262
683 1926
2348 741
537 569
400 3369
1552 163
1773 1999
39 8792
201 101
1020 2581
673 67
1664 6337
1856 2235
2031 3836
68 99
648 257
7798 8119
7111 8455
1 1
